function [RHO_Wright] = WRIGHT_density(TMPD,SLTD,PISD)

p02=1747.4508988+TMPD.*(11.51588-0.046331033*TMPD)-SLTD.*(3.85429655+0.01353985*TMPD);
p01=PISD+5884.81703666+TMPD.*(39.803732+TMPD.*(-0.3191477+TMPD*0.0004291133))+2.6126277*SLTD;
RHO_Wright=p01./(p02+0.7028423*p01);

